29 0.5118246908223042 0.9080215966062476 0.010414406595790845 0.020439645198611647
37 0.5119331742243437 0.9284612418048592 0.010197439791711869 0.020439645198611647
40 0.5961162942069863 0.9847666795217894 0.010197439791711869 0.020439645198611647
46 0.4128878281622912 0.3789047435403008 0.009980472987632893 0.020439645198611647
49 0.3475808201345194 0.9762822984959506 0.010414406595790845 0.020439645198611647
51 0.29789542200043395 0.7433474739683764 0.010414406595790845 0.020439645198611647
53 0.5016272510305924 0.9323177786347859 0.010414406595790845 0.020439645198611647
54 0.4483619006292037 0.8428461241804859 0.010197439791711869 0.020439645198611647
61 0.27359513994358864 0.7223293482452757 0.010414406595790845 0.02082529888160432
73 0.450640052072033 0.7126880061704589 0.009980472987632893 0.020053991515618975
75 0.5221306140160555 0.9323177786347859 0.010197439791711869 0.020439645198611647
81 0.5119331742243437 0.9487080601619745 0.010197439791711869 0.020053991515618975
85 0.2775005424170102 0.7427689934438874 0.010414406595790845 0.02082529888160432
92 0.2677370362334563 0.7018897030466641 0.010414406595790845 0.02082529888160432
93 0.594055109568236 0.9643270343231778 0.010414406595790845 0.020439645198611647
97 0.6124972879149491 0.9843810258387967 0.010414406595790845 0.020439645198611647
100 0.5078108049468432 0.9689548785190899 0.010197439791711869 0.020439645198611647
101 0.49132132783684096 0.9446586964905515 0.010197439791711869 0.020439645198611647
112 0.6104361032761988 0.9639413806401851 0.010197439791711869 0.020439645198611647
117 0.49750488175309177 0.9650983416891631 0.010414406595790845 0.020439645198611647
124 0.5221306140160555 0.9527574238333976 0.010197439791711869 0.020439645198611647
130 0.608266435235409 0.9438873891245662 0.010197439791711869 0.020439645198611647
138 0.2911694510739857 0.820478210566911 0.010414406595790845 0.020439645198611647
146 0.8488826209589933 0.9818742768993444 0.010631373399869819 0.02082529888160432
148 0.5459969624647429 0.6596606247589665 0.010197439791711869 0.020439645198611647
149 0.5608591885441527 0.8629001156961049 0.010414406595790845 0.020439645198611647
152 0.4791711868084183 0.3993443887389125 0.010197439791711869 0.020439645198611647
162 0.26339770015187675 0.7221365214037794 0.010414406595790845 0.020439645198611647
165 0.6062052505966588 0.9234477439259545 0.010414406595790845 0.020439645198611647
167 0.5936211759600781 0.8706131893559583 0.010414406595790845 0.020439645198611647
172 0.3643957474506401 0.4676050906286155 0.010197439791711869 0.020439645198611647
175 0.29160338468214364 0.7634014654839953 0.010414406595790845 0.020439645198611647
179 0.5440442612280321 0.6392209795603548 0.010197439791711869 0.020439645198611647
182 0.5481666305055326 0.6801002699575781 0.010197439791711869 0.020439645198611647
184 0.5277717509221089 0.676050906286155 0.010197439791711869 0.020053991515618975
186 0.27185940551095683 0.6816428846895488 0.010414406595790845 0.020439645198611647
187 0.5894988066825776 0.8505591978403394 0.010414406595790845 0.020439645198611647
188 0.8433499674549794 0.8719629772464327 0.010414406595790845 0.02082529888160432
193 0.2991972228249078 0.8573081372927112 0.010414406595790845 0.02082529888160432
194 0.31113039704925144 0.9103355187042036 0.010414406595790845 0.020439645198611647
198 0.5790844000867867 0.7977246432703432 0.010414406595790845 0.020439645198611647
199 0.604035582555869 0.9030080987273429 0.010414406595790845 0.020439645198611647
207 0.5832067693642873 0.8179714616274586 0.010414406595790845 0.02082529888160432
211 0.5583640702972446 0.7082529888160431 0.010197439791711869 0.020439645198611647
221 0.5628118897808635 0.826263015811801 0.010414406595790845 0.020439645198611647
222 0.576914732045997 0.7772849980717316 0.010414406595790845 0.020439645198611647
227 0.5544586678238229 0.781527188584651 0.010197439791711869 0.020439645198611647
228 0.6207420264699501 0.9639413806401851 0.010414406595790845 0.020439645198611647
229 0.6229116945107399 0.9843810258387967 0.010414406595790845 0.020439645198611647
230 0.518008244738555 0.9731970690320093 0.010197439791711869 0.020439645198611647
238 0.6039270991538295 0.8829541072117238 0.010197439791711869 0.020439645198611647
242 0.13809937079626816 0.20863864249903585 0.010197439791711869 0.02082529888160432
243 0.5645476242134954 0.7286926340146549 0.010414406595790845 0.020439645198611647
244 0.5583640702972446 0.6881989973004242 0.010197439791711869 0.020439645198611647
246 0.5707311781297462 0.7529888160431932 0.010197439791711869 0.020439645198611647
249 0.6185723584291604 0.9435017354415735 0.010414406595790845 0.020439645198611647
251 0.833044044261228 0.8642499035865793 0.010631373399869819 0.02082529888160432
252 0.5440442612280321 0.6189741612032394 0.010197439791711869 0.020053991515618975
254 0.5935126925580386 0.8301195526417278 0.010197439791711869 0.020439645198611647
257 0.49750488175309177 0.9853451600462785 0.010414406595790845 0.020053991515618975
259 0.7316120633543068 0.9737755495564983 0.010414406595790845 0.02082529888160432
264 0.1830114992406162 0.29193983802545315 0.010197439791711869 0.02082529888160432
266 0.34562811889780864 0.955842653297339 0.010414406595790845 0.020439645198611647
270 0.5773486656541549 0.8914384882375627 0.010414406595790845 0.020439645198611647
278 0.5561944022564548 0.6596606247589665 0.010197439791711869 0.020439645198611647
280 0.6164026903883706 0.9234477439259545 0.010414406595790845 0.020439645198611647
284 0.7482100238663485 0.9855379868877748 0.010631373399869819 0.020439645198611647
288 0.5996962464742894 0.8501735441573467 0.010414406595790845 0.020439645198611647
290 0.14992406161857236 0.22136521403779405 0.010414406595790845 0.02082529888160432
291 0.793230635712736 0.9718472811415348 0.010414406595790845 0.02082529888160432
298 0.2990887394228683 0.5723100655611261 0.010197439791711869 0.02082529888160432
303 0.28867433282707744 0.8937524103355187 0.010197439791711869 0.020439645198611647
317 0.512909524842699 0.9303895102198226 0.020394879583423738 0.04049363671423062
338 0.27261878932523326 0.7244504435017355 0.020611846387502714 0.041264944080215964
339 0.5047732696897375 0.9710759737755496 0.020611846387502714 0.040879290397223295
346 0.6134736385333044 0.9539143848823757 0.020611846387502714 0.041264944080215964
356 0.5510956823605988 0.6656382568453528 0.020394879583423738 0.040879290397223295
361 0.6091343024517248 0.9132279213266487 0.020611846387502714 0.040879290397223295
362 0.5967671946192232 0.864635557269572 0.020611846387502714 0.040879290397223295
365 0.5883054892601431 0.8241419205553413 0.020611846387502714 0.040879290397223295
371 0.5634627901931004 0.7061318935595835 0.020394879583423738 0.040879290397223295
376 0.5800607507051421 0.783262630158118 0.020611846387502714 0.040879290397223295
377 0.29681058798003906 0.7533744697261859 0.02082881319158169 0.041264944080215964
378 0.5469733130830983 0.6251446201311223 0.020394879583423738 0.040879290397223295
382 0.842156650032545 0.8619359814886233 0.021045779995660666 0.04165059776320864
383 0.49240616185723585 0.9384882375626687 0.020611846387502714 0.04049363671423062
386 0.5598828379257974 0.852680293096799 0.020611846387502714 0.040879290397223295
387 0.34454328487741376 0.9780177400694177 0.02082881319158169 0.040879290397223295
389 0.41191147754393576 0.3767836482838411 0.02017791277934476 0.040879290397223295
394 0.5098719895855934 0.9446586964905515 0.03080928617921458 0.06131893559583494
414 0.27760902581904967 0.7223293482452757 0.031026252983293555 0.06170458927882761
416 0.6143415057496203 0.9273042807558812 0.031026252983293555 0.06131893559583494
419 0.5561944022564548 0.6635171615888932 0.030592319375135603 0.06131893559583494
420 0.5976350618355392 0.850366370998843 0.031026252983293555 0.06170458927882761
425 0.5871121718377088 0.7894330890860007 0.03080928617921458 0.06170458927882761
435 0.5067259709264482 0.9465869649055149 0.04100672597092645 0.08137292711145391
447 0.28270774571490564 0.7204010798303124 0.04122369277500543 0.08252988816043193
449 0.598719895855934 0.8603933667566526 0.0414406595790844 0.08175858079444659
463 0.5036884356693426 0.9444658696490551 0.05142113256671729 0.10181257231006556
464 0.6144499891516598 0.9394523717701504 0.05163809937079627 0.10258387967605091
